# On Tips Maths

## 1. Squares till 50<sup>2</sup>
- 1² = 1
- 2² = 4
- 3² = 9
- 4² = 16
- 5² = 25
- 6² = 36
- 7² = 49
- 8² = 64
- 9² = 81
- 10² = 100
- 11² = 121
- 12² = 144
- 13² = 169
- 14² = 196
- 15² = 225
- 16² = 256
- 17² = 289
- 18² = 324
- 19² = 361
- 20² = 400
- 21² = 441
- 22² = 484
- 23² = 529
- 24² = 576
- 25² = 625
- 26² = 676
- 27² = 729
- 28² = 784
- 29² = 841
- 30² = 900
- 31² = 961
- 32² = 1024
- 33² = 1089
- 34² = 1156
- 35² = 1225
- 36² = 1296
- 37² = 1369
- 38² = 1444
- 39² = 1521
- 40² = 1600
- 41² = 1681
- 42² = 1764
- 43² = 1849
- 44² = 1936
- 45² = 2025
- 46² = 2116
- 47² = 2209
- 48² = 2304
- 49² = 2401
- 50² = 2500

## 2. Cubes till 25<sup>3</sup>
- 1³ = 1
- 2³ = 8
- 3³ = 27
- 4³ = 64
- 5³ = 125
- 6³ = 216
- 7³ = 343
- 8³ = 512
- 9³ = 729
- 10³ = 1000
- 11³ = 1331
- 12³ = 1728
- 13³ = 2197
- 14³ = 2744
- 15³ = 3375
- 16³ = 4096
- 17³ = 4913
- 18³ = 5832
- 19³ = 6859
- 20³ = 8000
- 21³ = 9261
- 22³ = 10648
- 23³ = 12167
- 24³ = 13824
- 25³ = 15625

## 3. 4th Power till 16<sup>4</sup>
- 1⁴ = 1
- 2⁴ = 16
- 3⁴ = 81
- 4⁴ = 256
- 5⁴ = 625
- 6⁴ = 1296
- 7⁴ = 2401
- 8⁴ = 4096
- 9⁴ = 6561
- 10⁴ = 10000
- 11⁴ = 14641
- 12⁴ = 20736
- 13⁴ = 28561
- 14⁴ = 38416
- 15⁴ = 50625
- 16⁴ = 65536

## 4. Power of 2 till 2<sup>16</sup>
- 2⁰ = 1
- 2¹ = 2
- 2² = 4
- 2³ = 8
- 2⁴ = 16
- 2⁵ = 32
- 2⁶ = 64
- 2⁷ = 128
- 2⁸ = 256
- 2⁹ = 512
- 2¹⁰ = 1024
- 2¹¹ = 2048
- 2¹² = 4096
- 2¹³ = 8192
- 2¹⁴ = 16384
- 2¹⁵ = 32768
- 2¹⁶ = 65536

## 5. Factorial till 7!
- 1! = 1
- 2! = 2
- 3! = 6
- 4! = 24
- 5! = 120
- 6! = 720
- 7! = 5040

## 6. Table till 20x20

|   ×   | 1  | 2  | 3  | 4  | 5  | 6  | 7  | 8  | 9  | 10 | 11 | 12 | 13 | 14 | 15 | 16 | 17 | 18 | 19 | 20 |
|-------|----|----|----|----|----|----|----|----|----|----|----|----|----|----|----|----|----|----|----|----|
| **1**  | 1  | 2  | 3  | 4  | 5  | 6  | 7  | 8  | 9  | 10 | 11 | 12 | 13 | 14 | 15 | 16 | 17 | 18 | 19 | 20 |
| **2**  | 2  | 4  | 6  | 8  | 10 | 12 | 14 | 16 | 18 | 20 | 22 | 24 | 26 | 28 | 30 | 32 | 34 | 36 | 38 | 40 |
| **3**  | 3  | 6  | 9  | 12 | 15 | 18 | 21 | 24 | 27 | 30 | 33 | 36 | 39 | 42 | 45 | 48 | 51 | 54 | 57 | 60 |
| **4**  | 4  | 8  | 12 | 16 | 20 | 24 | 28 | 32 | 36 | 40 | 44 | 48 | 52 | 56 | 60 | 64 | 68 | 72 | 76 | 80 |
| **5**  | 5  | 10 | 15 | 20 | 25 | 30 | 35 | 40 | 45 | 50 | 55 | 60 | 65 | 70 | 75 | 80 | 85 | 90 | 95 | 100 |
| **6**  | 6  | 12 | 18 | 24 | 30 | 36 | 42 | 48 | 54 | 60 | 66 | 72 | 78 | 84 | 90 | 96 | 102| 108| 114| 120 |
| **7**  | 7  | 14 | 21 | 28 | 35 | 42 | 49 | 56 | 63 | 70 | 77 | 84 | 91 | 98 | 105| 112| 119| 126| 133| 140 |
| **8**  | 8  | 16 | 24 | 32 | 40 | 48 | 56 | 64 | 72 | 80 | 88 | 96 | 104| 112| 120| 128| 136| 144| 152| 160 |
| **9**  | 9  | 18 | 27 | 36 | 45 | 54 | 63 | 72 | 81 | 90 | 99 | 108| 117| 126| 135| 144| 153| 162| 171| 180 |
| **10** | 10 | 20 | 30 | 40 | 50 | 60 | 70 | 80 | 90 | 100| 110| 120| 130| 140| 150| 160| 170| 180| 190| 200 |
| **11** | 11 | 22 | 33 | 44 | 55 | 66 | 77 | 88 | 99 | 110| 121| 132| 143| 154| 165| 176| 187| 198| 209| 220 |
| **12** | 12 | 24 | 36 | 48 | 60 | 72 | 84 | 96 | 108| 120| 132| 144| 156| 168| 180| 192| 204| 216| 228| 240 |
| **13** | 13 | 26 | 39 | 52 | 65 | 78 | 91 | 104| 117| 130| 143| 156| 169| 182| 195| 208| 221| 234| 247| 260 |
| **14** | 14 | 28 | 42 | 56 | 70 | 84 | 98 | 112| 126| 140| 154| 168| 182| 196| 210| 224| 238| 252| 266| 280 |
| **15** | 15 | 30 | 45 | 60 | 75 | 90 | 105| 120| 135| 150| 165| 180| 195| 210| 225| 240| 255| 270| 285| 300 |
| **16** | 16 | 32 | 48 | 64 | 80 | 96 | 112| 128| 144| 160| 176| 192| 208| 224| 240| 256| 272| 288| 304| 320 |
| **17** | 17 | 34 | 51 | 68 | 85 | 102| 119| 136| 153| 170| 187| 204| 221| 238| 255| 272| 289| 306| 323| 340 |
| **18** | 18 | 36 | 54 | 72 | 90 | 108| 126| 144| 162| 180| 198| 216| 234| 252| 270| 288| 306| 324| 342| 360 |
| **19** | 19 | 38 | 57 | 76 | 95 | 114| 133| 152| 171| 190| 209| 228| 247| 266| 285| 304| 323| 342| 361| 380 |
| **20** | 20 | 40 | 60 | 80 | 100| 120| 140| 160| 180| 200| 220| 240| 260| 280| 300| 320| 340| 360| 380| 400 |


## 7. Primes till 100
- 2, 3, 5, 7,
- 11, 13, 17, 19,
- 23, 29,
- 31, 37,
- 41, 43, 47,
- 53, 59,
- 61, 67,
- 71, 73, 79,
- 83, 89,
- 97

## 8. Divisibility Rules till 20
- 1: All Numbers
- 2: Last digit must be even
- 3: Sum of digits = div by 3
- 4: Last 2 digits = div by 4 or twice div by 2
- 5: Last digit = 0 or 5
- 6: Must be div by both 2 & 3
- 7: Remaining - 2xLast_digit = div by 7
- 8: Last 3 digits = div by 8 or thrice div by 2
- 9: Sum of digits = div by 9
- 10: Last digit = 0
- 11: Alternate sum difference = div by 11
- 12: Must be div by both 4 & 3
- 13: Remaining + 4xLast_digit = div by 13
- 14: Last digit even & div by 7
- 15: Must be div by both 5 & 3
- 16: Last 4 digits = div by 16 or four times div by 2
- 17: Remaining - 5xLast_digit = div by 17
- 18: Last digit even & div by 9
- 19: Remaining + 2xLast_digit = div by 19
- 20: Last digit = 0 & remaining even

## 9. %age and Fraction equivalent
- 1 = 100%
- ½ = 50%
- ⅓ = 33.33% or 33 ⅓ %
- ⅔ = 66.67% or 66 ⅔ %
- ¼ = 25%
- ¾ = 75%
- ⅕ = 20%
- ⅖ = 40%
- ⅗ = 60%
- ⅘ = 80%
- ⅙ = 16.67% or 16 ⅔ %
- ⅚ = 83.33% or 83 ⅓ %
- ¹⁄₇ = 14.28% or 14 2/7 %
- ²⁄₇ = 28.57% or 28 4/7 %
- ³⁄₇ = 42.86% or 42 6/7 %
- ⁴⁄₇ = 57.14% or 57 1/7 %
- ⁵⁄₇ = 71.43% or 71 3/7 %
- ⁶⁄₇ = 85.71% or 85 5/7 %
- ⅛ = 12.5% or 12 ½ %
- ⅜ = 37.5% or 37 ½ %
- ⅝ = 62.5% or 62 ½ %
- ⅞ = 87.5% or 87 ½ %
- ¹⁄₉ = 11.11% or 11 1/9 %
- ²⁄₉ = 22.22% or 22 2/9 %
- ⁴⁄₉ = 44.44% or 44 4/9 %
- ⁵⁄₉ = 55.56% or 55 5/9 %
- ⁷⁄₉ = 77.78% or 77 7/9 %
- ⁸⁄₉ = 88.89% or 88 8/9 %
- ¹⁄₁₀ = 10%
- ¹⁄₁₁ = 9.09% or 9 1/11 %
- ²⁄₁₁ = 18.18% or 18 2/11 %
- ³⁄₁₁ = 27.27% or 27 3/11 %
- ⁴⁄₁₁ = 36.36% or 36 4/11 %
- ⁵⁄₁₁ = 45.45% or 45 5/11 %
- ⁶⁄₁₁ = 54.54% or 54 6/11 %
- ⁷⁄₁₁ = 63.63% or 63 7/11 %
- ⁸⁄₁₁ = 72.72% or 72 8/11 %
- ⁹⁄₁₁ = 81.81% or 81 9/11 %
- ¹⁰⁄₁₁ = 90.90% or 90 10/11 %
- ¹⁄₁₂ = 8.33% or 8 ⅓ %
- ⁵⁄₁₂ = 41.67% or 41 ⅔ %
- ⁷⁄₁₂ = 58.33% or 58 ⅓ %
- ¹¹⁄₁₂ = 91.67% or 91 ⅔ %
- ¹⁄₁₃ = 7.69% or 7 9/13 %
- ¹⁄₁₄ = 7.14% or 7 1/7 %
- ¹⁄₁₅ = 6.67% or 6 ⅔ %
